1653670403,create type angel 3 1 name str alias str affiliation str,success
1653670403,create type evil 4 1 name str type str alias str spell str,success
1653670403,create record angel Tyrael ArchangelOfJustice HighHeavens,success
1653670403,create record angel Itherael ArchangelOfFate HighHeavens,success
1653670403,update record angel Tyrael Tyrael AspectOfWisdom Horadrim,success
1653670403,list record angel,success
1653670403,list record evil,failure
1653670403,list type,success
1653670413,create record evil Diablo PrimeEvil LordOfTerror redLightningHose,success
1653670413,create type angel 3 1 name str alias str affiliation str,failure
1653670413,delete record angel Itherael,success
1653670413,create type potion 3 1 id int type str size str,success
1653670413,create record potion 4 healing greater,success
1653670413,create record potion 11 stamina standard,success
1653670413,create record potion 6 mana minor,success
1653670413,create record evil Belial LesserEvil LordOfLies flySwarms,success
1653670413,filter record potion id>5,success
1653670413,search record angel Tyrael,success
1653670413,filter record evil name>Baal,success
1653670443,create record evil Diablo PrimeEvil LordOfTerror redLightningHose,failure
1653670443,create type angel 3 1 name str alias str affiliation str,failure
1653670443,delete record angel Itherael,failure
1653670443,create type potion 3 1 id int type str size str,failure
1653670443,create record potion 4 healing greater,failure
1653670443,create record potion 11 stamina standard,failure
1653670443,create record potion 6 mana minor,failure
1653670443,create record evil Belial LesserEvil LordOfLies flySwarms,failure
1653670443,filter record potion id>5,success
1653670443,search record angel Tyrael,success
1653670443,filter record evil name>Baal,success
1653670473,create record angel Itherael66 ArchangelOfFate HighHeavens,success
1653670473,create record angel Itherael266 ArchangelOfFate1 HighHeavens2,success
1653670473,create record angel Itherael366 ArchangelOfFate1 HighHeavens4,success
1653670473,create record angel AItherael66 ArchangelOfFate2 HighHeavens3,success
1653670473,create record angel AItherael661 ArchangelOfFate22 HighHeavens32,success
1653670473,create record angel Itherael3366 ArchangelOfFate HighHeavens,success
1653670473,create record angel Itherael23366 ArchangelOfFate1 HighHeavens2,success
1653670473,create record angel Itherael33366 ArchangelOfFate1 HighHeavens4,success
1653670473,create record angel AItherael3366 ArchangelOfFate2 HighHeavens3,success
1653670473,create record angel AItherael13366 ArchangelOfFate22 HighHeavens32,success
1653670473,create record angel Itherael2336677 ArchangelOfFate1 HighHeavens2,success
1653670473,create record angel Itherael3336677 ArchangelOfFate1 HighHeavens4,success
1653670473,create record angel AItherael336677 ArchangelOfFate2 HighHeavens3,success
1653670473,create record angel AItherael1336677 ArchangelOfFate22 HighHeavens32,success
1653670515,create record angel Itherael661 ArchangelOfFate HighHeavens,success
1653670515,create record angel Itherael2661 ArchangelOfFate1 HighHeavens2,success
1653670515,create record angel Itherael3661 ArchangelOfFate1 HighHeavens4,success
1653670515,create record angel AItherael661 ArchangelOfFate2 HighHeavens3,failure
1653670515,create record angel AItherael6611 ArchangelOfFate22 HighHeavens32,success
1653670515,create record angel Itherael33661 ArchangelOfFate HighHeavens,success
1653670515,create record angel Itherael233661 ArchangelOfFate1 HighHeavens2,success
1653670515,create record angel Itherael333661 ArchangelOfFate1 HighHeavens4,success
1653670515,create record angel AItherael33661 ArchangelOfFate2 HighHeavens3,success
1653670515,create record angel AItherael133661 ArchangelOfFate22 HighHeavens32,success
1653670515,create record angel Itherael23366771 ArchangelOfFate1 HighHeavens2,success
1653670515,create record angel Itherael33366771 ArchangelOfFate1 HighHeavens4,success
1653670515,create record angel AItherael3366771 ArchangelOfFate2 HighHeavens3,success
1653670515,create record angel AItherael13366771 ArchangelOfFate22 HighHeavens32,success
1653670583,delete record angel Itherael661,success
1653670583,delete record angel Itherael2661,success
1653670583,delete record angel Itherael3661,success
1653670583,delete record angel AItherael661,success
1653670583,delete record angel AItherael6611,success
1653670583,delete record angel Itherael33661,success
1653670690,delete record angel AItherael13366,success
1653670690,delete record angel AItherael1336677,success
1653670690,delete record angel AItherael336677,success
1653670690,delete record angel Itherael2336677,success
1653670690,delete record angel Itherael3336677,success
1653670730,create record angel AItherael13366 A B,success
1653670730,create record angel AItherael1336677 A B,success
1653670730,create record angel AItherael336677 A B,success
1653670730,create record angel Itherael2336677 A B,success
1653670730,create record angel Itherael3336677 A B,success
